              precision    recall  f1-score   support

           0       1.00      0.92      0.96       130
           1       0.93      0.90      0.91       130
           2       0.96      0.94      0.95       130
           3       0.95      0.94      0.95       130
           4       0.95      0.94      0.95       130
           5       0.94      0.93      0.93       130
           6       0.93      0.87      0.90       130
           7       0.99      0.94      0.96       130
           8       0.94      0.92      0.93       130
           9       0.97      0.92      0.94       130
           A       0.98      0.95      0.96       130
           B       0.92      0.89      0.91       130
           C       0.96      0.91      0.93       130
           D       0.96      0.93      0.95       130
           E       0.90      0.92      0.91       130
           F       0.90      0.95      0.93       130
           G       0.95      0.91      0.93       130
           H       0.98      0.88      0.93       130
           K       0.99      0.96      0.98       130
           L       0.99      0.90      0.94       130
           M       0.50      0.96      0.66       130
           N       0.94      0.92      0.93       130
           P       0.94      0.90      0.92       130
           R       0.98      0.93      0.96       130
           S       0.98      0.94      0.96       130
           T       0.92      0.96      0.94       130
           U       0.99      0.91      0.95       130
           V       0.98      0.95      0.96       130
           X       0.94      0.99      0.97       130
           Y       0.98      0.95      0.97       130
           Z       0.98      0.97      0.98       130

    accuracy                           0.93      4030
   macro avg       0.94      0.93      0.93      4030
weighted avg       0.94      0.93      0.93      4030
